====================================================================================================
TABLA COMPARATIVA  -  CEO binarizado vs. resultados publicados
Problema: SCP
Fuente de SBOA, GWO y PSO: Mathematics 2025, 13, 2482, Tablas 8 y 9 (pp. 13-15)
Actualizado: 2026-09-02 16:29:08
Estado: ejecucion finalizada
CEO: tf=v3  regla=elit  infactibles=repair  dominio=[-5,5]  Np=10  N=2  MaxFES=6000  corridas=31
Criterio de termino: paper
====================================================================================================

TABLA 1. Mejor valor y promedio por instancia
----------------------------------------------------------------------------------------------------
Inst     Opt    n |     CEO   SBOA    GWO    PSO |       CEO      SBOA       GWO       PSO | RPD CEO
                  |         Mejor valor          |                 Promedio                |       %
----------------------------------------------------------------------------------------------------
41       429   31 |     431    433    433    433 |   432.935   433.000   433.419   433.258 |   0.466
42       512   31 |     514    525    525    525 |   523.129   525.968   525.935   526.290 |   0.391
51       253   31 |     253    267    267    267 |   265.129   267.290   267.194   267.323 |   0.000
52       302   31 |     312    315    315    315 |   314.774   318.387   319.677   318.742 |   3.311
61       138   31 |     141    141    141    141 |   141.419   141.935   142.968   141.839 |   2.174
62       146   31 |     146    148    148    148 |   149.806   149.677   150.323   149.387 |   0.000
A1       253   31 |     256    257    257    257 |   256.806   257.000   257.000   257.000 |   1.186
A2       252   31 |     254    258    256    258 |   258.161   260.387   260.452   261.355 |   0.794
B1        69   31 |      69     69     69     69 |    69.226    69.387    69.645    69.387 |   0.000
B2        76   31 |      76     76     76     76 |    76.000    76.129    76.419    76.161 |   0.000
C1       227   31 |     228    231    231    231 |   230.452   233.065   232.806   232.968 |   0.441
C2       219   31 |     220    221    221    221 |   221.548   222.387   222.516   222.645 |   0.457
D1        60   31 |      60     60     60     60 |    61.032    61.387    61.161    61.323 |   0.000
D2        66   31 |      66     67     67     67 |    67.097    67.710    67.774    67.677 |   0.000
NRE1      29   31 |      29     29     29     29 |    29.000    29.000    29.032    29.000 |   0.000
NRE2      30   31 |      30     30     30     30 |    31.129    31.000    31.065    30.710 |   0.000
NRF1      14   31 |      14     14     14     14 |    14.161    14.000    14.032    14.000 |   0.000
NRF2      15   31 |      15     15     15     15 |    15.000    15.000    15.032    15.000 |   0.000
NRG1     176   31 |     178    178    179    179 |   179.516   180.968   181.484   181.000 |   1.136
NRG2     154   31 |     157    158    158    158 |   159.000   159.355   159.677   159.516 |   1.948
NRH1      63   31 |      64     64     64     64 |    65.097    65.000    65.581    65.484 |   1.587
NRH2      63   31 |      64     64     64     64 |    65.129    65.065    65.161    65.194 |   1.587
----------------------------------------------------------------------------------------------------
n = corridas completadas.  * = instancia aun incompleta.
RPD = 100 (CEO_best - Opt) / Opt.

TABLA 2. Peor valor y desviacion estandar
----------------------------------------------------------------------------------------------------
Inst   |     CEO   SBOA    GWO    PSO |       CEO      SBOA       GWO       PSO
       |          Peor valor          |           Desviacion estandar          
----------------------------------------------------------------------------------------------------
41     |     433    433    438    437 |     0.353     0.000     1.290     0.983
42     |     525    527    527    527 |     2.044     0.999     0.982     0.957
51     |     269    269    268    269 |     3.599     0.520     0.395     0.590
52     |     317    322    323    323 |     0.974     1.979     2.740     2.170
61     |     144    145    145    145 |     0.908     1.605     1.926     1.568
62     |     153    154    154    154 |     1.595     2.277     2.085     2.058
A1     |     257    257    257    257 |     0.395     0.000     0.000     0.000
A2     |     263    265    265    265 |     2.034     1.580     1.997     1.976
B1     |      71     71     71     71 |     0.489     0.790     0.900     0.790
B2     |      76     77     82     77 |     0.000     0.335     1.185     0.368
C1     |     233    234    235    234 |     1.720     0.504     0.858     0.647
C2     |     224    226    228    229 |     1.159     1.559     1.949     2.088
D1     |      63     65     63     63 |     0.740     1.006     0.919     1.028
D2     |      69     69     69     69 |     0.588     0.727     0.791     0.690
NRE1   |      29     29     30     29 |     0.000     0.000     0.177     0.000
NRE2   |      32     32     33     32 |     0.707     0.803     0.878     0.632
NRF1   |      15     14     15     14 |     0.368     0.000     0.177     0.000
NRF2   |      15     15     16     15 |     0.000     0.000     0.177     0.000
NRG1   |     182    184    185    184 |     1.341     1.492     1.720     1.666
NRG2   |     162    161    162    162 |     1.047     0.598     0.929     1.043
NRH1   |      67     67     67     67 |     0.928     1.016     0.943     0.875
NRH2   |      68     67     67     66 |     1.157     1.014     0.954     0.895
----------------------------------------------------------------------------------------------------

TABLA 3. Detalle de la ejecucion de CEO
----------------------------------------------------------------------------------------------------
Inst        m      n  %factible   iter/corr   evals/corr    seg/corr
----------------------------------------------------------------------------------------------------
41        200   1000      100.0       301.0         6010        6.21
42        200   1000      100.0       301.0         6010        5.89
51        200   2000      100.0       301.0         6010        7.97
52        200   2000      100.0       301.0         6010        8.10
61        200   1000      100.0       301.0         6010        4.78
62        200   1000      100.0       301.0         6010        5.07
A1        300   3000      100.0       301.0         6010       14.67
A2        300   3000      100.0       301.0         6010       14.61
B1        300   3000      100.0       301.0         6010       11.66
B2        300   3000      100.0       301.0         6010       11.91
C1        400   4000      100.0       301.0         6010       19.10
C2        400   4000      100.0       301.0         6010       20.33
D1        400   4000      100.0       301.0         6010       17.15
D2        400   4000      100.0       301.0         6010       18.41
NRE1      500   5000      100.0       301.0         6010       23.53
NRE2      500   5000      100.0       301.0         6010       24.47
NRF1      500   5000      100.0       301.0         6010       21.11
NRF2      500   5000      100.0       301.0         6010       22.39
NRG1     1000  10000      100.0       301.0         6010       98.37
NRG2     1000  10000      100.0       301.0         6010      101.58
NRH1     1000  10000      100.0       301.0         6010      103.98
NRH2     1000  10000      100.0       301.0         6010      100.81
----------------------------------------------------------------------------------------------------

TABLA 4. Control sin metaheuristica
----------------------------------------------------------------------------------------------------
Inst    CEO best   greedy puro   aleatorio+reparar    aporte
----------------------------------------------------------------------------------------------------
41           431           434                 434         3
42           514           529                 529        15
51           253           269                 269        16
52           312           330                 330        18
61           141           142                 142         1
62           146           156                 153         7
A1           256           261                 260         4
A2           254           270                 268        14
B1            69            73                  73         4
B2            76            78                  78         2
C1           228           237                 237         9
C2           220           224                 224         4
D1            60            68                  68         8
D2            66            71                  71         5
NRE1          29            30                  30         1
NRE2          30            32                  32         2
NRF1          14            16                  16         2
NRF2          15            16                  16         1
NRG1         178           189                 189        11
NRG2         157           161                 161         4
NRH1          64            69                  69         5
NRH2          64            73                  73         9
----------------------------------------------------------------------------------------------------
aporte = (mejor baseline) - (CEO best). Si es <= 0, CEO no supera al reparador
y el resultado no puede atribuirse a la metaheuristica.
